BLOCK 435 132
BLOCK 620 132
DOOR1 1856 1279
DOOR1 1920 1279
DOOR2 1530 1473
DOOR2 1530 1415
DOOR2 1530 1375
DOOR2 1530 1337
PLATFORM 400 336 976 336
PLATFORM 780 132 1300 132
PLATFORM 2306 64 2306 464
PLATFORM 1858 400 1858 1200
PLATFORM 898 850 898 1180
CASTLE 0 150 0 150
CHURCH 110 1350 110 1350
PRINCESS 225 1495 225 1495
HAZARD 1745 92 2250 92
HAZARD 1355 348 1550 348
HAZARD 1020 668 1820 668
BLACKSOUP 71 1158
BLACKSOUP 430 464
BLACKSOUP 915 525
BLACKSOUP 2482 80
BLACKSOUP 453 84
BLACKSOUP 638 84
BLACKSOUP 2426 680
BLACKSOUP 1490 1170
BLACKSOUP 1334 600
BLACKSOUP 668 660
BLACKSOUP 800 970
KEY 2450 1400 2450 1400
SHIP 1147 1460 1147 1460
